
I am in the **main** function.

Vertices:
  p[0] = (  0.00000e+00,  0.00000e+00 )
  p[1] = (  2.00000e+00,  0.00000e+00 )
  p[2] = (  3.00000e+00,  0.00000e+00 )
  p[3] = (  4.00000e+00,  4.00000e+00 )

Perimeter =  1.27800e+01
Area      =  6.00000e+00

Inner angles (deg):
  angle[0] =  4.50000e+01
  angle[1] =  1.80000e+02
  angle[2] =  1.04036e+02
  angle[3] =  3.09638e+01

